Alpha Kruskal Test
 KruskalResult(statistic=9.514111970708086, pvalue=0.023181705688857066)
Alpha Posthoc t-test
           1         2         3         4
1  1.000000  0.052412  0.026010  0.123672
2  0.052412  1.000000  0.867086  0.427378
3  0.026010  0.867086  1.000000  0.303968
4  0.123672  0.427378  0.303968  1.000000
Beta Kruskal Test
 KruskalResult(statistic=9.290758843572121, pvalue=0.025664750068537173)
Beta Posthoc t-test
           1         2         3         4
1  1.000000  0.047496  0.022409  0.065888
2  0.047496  1.000000  0.990060  0.628471
3  0.022409  0.990060  1.000000  0.595994
4  0.065888  0.628471  0.595994  1.000000
Theta Kruskal Test
 KruskalResult(statistic=11.34021674661011, pvalue=0.01002151370007769)
Theta Posthoc t-test
           1         2         3         4
1  1.000000  0.003972  0.002271  0.039645
2  0.003972  1.000000  0.866775  0.275214
3  0.002271  0.866775  1.000000  0.263715
4  0.039645  0.275214  0.263715  1.000000