Alpha Kruskal Test
 KruskalResult(statistic=11.602334935135099, pvalue=0.008877288738786003)
Alpha Posthoc t-test
           1         2         3         4
1  1.000000  0.000533  0.000271  0.000831
2  0.000533  1.000000  0.170464  0.629176
3  0.000271  0.170464  1.000000  0.288000
4  0.000831  0.629176  0.288000  1.000000
Beta Kruskal Test
 KruskalResult(statistic=8.795258040169852, pvalue=0.03214061237232116)
Beta Posthoc t-test
           1         2         3         4
1  1.000000  0.005110  0.001161  0.007704
2  0.005110  1.000000  0.477034  0.769202
3  0.001161  0.477034  1.000000  0.668938
4  0.007704  0.769202  0.668938  1.000000
Theta Kruskal Test
 KruskalResult(statistic=10.832809534815558, pvalue=0.01266515851127755)
Theta Posthoc t-test
           1         2         3         4
1  1.000000  0.008730  0.000589  0.009867
2  0.008730  1.000000  0.115023  0.657257
3  0.000589  0.115023  1.000000  0.215469
4  0.009867  0.657257  0.215469  1.000000