Alpha Kruskal Test
 KruskalResult(statistic=9.913652577340656, pvalue=0.019314561980643578)
Alpha Posthoc t-test
           1         2         3         4
1  1.000000  0.104070  0.018601  0.060145
2  0.104070  1.000000  0.605267  0.796456
3  0.018601  0.605267  1.000000  0.276801
4  0.060145  0.796456  0.276801  1.000000
Beta Kruskal Test
 KruskalResult(statistic=9.706821628826162, pvalue=0.021229926644904074)
Beta Posthoc t-test 
           1         2         3         4
1  1.000000  0.093955  0.016582  0.035356
2  0.093955  1.000000  0.878436  0.781679
3  0.016582  0.878436  1.000000  0.529756
4  0.035356  0.781679  0.529756  1.000000
Theta Kruskal Test
 KruskalResult(statistic=11.509291090888667, pvalue=0.009267875162468102)
Theta Posthoc t-test
           1         2         3         4
1  1.000000  0.013797  0.001466  0.010483
2  0.013797  1.000000  0.710677  0.646546
3  0.001466  0.710677  1.000000  0.251945
4  0.010483  0.646546  0.251945  1.000000
